(1, 12, 22, 0, 96, 31, 65, 11, 85, 42, 72, 88, 5, 66, 87, 38, 83, 84, 70, 53, 6, 94, 75, 17, 13, 21, 89, 68, 41, 93, 86, 52, 28, 35, 3, 82, 45, 27, 77, 79, 73, 56, 74, 10, 8, 43, 29, 60, 19, 62)

(15, 17, 87, 42, 93, 28, 14, 90, 10, 77, 73, 52, 65, 72, 76, 30, 53, 94, 60, 23, 12, 88, 27, 61, 74, 36, 35, 85, 55, 66, 86, 50, 13, 49, 37, 43, 96, 56, 31, 21, 39, 59, 1, 47, 95, 2, 19, 84, 6, 83)

(93, 23, 38, 24, 87, 41, 95, 73, 6, 76, 37, 26, 82, 22, 65, 84, 35, 3, 14, 68, 39, 36, 97, 44, 55, 86, 59, 61, 53, 60, 66, 70, 10, 83, 19, 33, 89, 50, 17, 48, 49, 0, 57, 30, 15, 47, 25, 79, 99, 45)

(49, 79, 52, 33, 90, 6, 8, 45, 40, 56, 25, 83, 66, 15, 30, 4, 23, 61, 14, 86, 62, 11, 29, 82, 85, 38, 76, 94, 95, 19, 21, 37, 59, 47, 84, 88, 22, 31, 97, 44, 10, 36, 73, 50, 41, 68, 1, 72, 5, 27)

(82, 73, 60, 47, 15, 86, 41, 40, 93, 12, 90, 75, 29, 76, 39, 96, 79, 68, 3, 49, 19, 25, 77, 28, 5, 85, 66, 57, 95, 74, 42, 94, 80, 14, 31, 8, 43, 53, 2, 99, 65, 89, 38, 13, 1, 87, 11, 88, 4, 62)

(48, 40, 60, 88, 43, 55, 59, 8, 99, 12, 36, 90, 85, 70, 83, 27, 31, 65, 37, 24, 87, 4, 93, 74, 94, 89, 86, 19, 82, 76, 77, 95, 47, 72, 28, 33, 11, 15, 6, 22, 50, 53, 38, 44, 84, 17, 52, 3, 57, 35)

(88, 57, 93, 77, 47, 39, 0, 56, 62, 27, 84, 40, 36, 76, 90, 37, 85, 68, 87, 45, 73, 89, 8, 29, 70, 14, 75, 69, 31, 66, 35, 82, 12, 59, 72, 33, 30, 5, 2, 13, 61, 26, 19, 99, 65, 28, 3, 97, 53, 50)

(26, 73, 49, 2, 40, 65, 42, 75, 17, 0, 36, 41, 44, 94, 79, 82, 76, 8, 52, 5, 27, 93, 3, 38, 35, 6, 70, 1, 56, 99, 25, 86, 43, 74, 12, 48, 96, 24, 11, 66, 68, 23, 60, 21, 47, 50, 88, 95, 45, 53)

(36, 24, 3, 82, 22, 80, 69, 41, 8, 94, 5, 88, 73, 19, 86, 6, 99, 62, 49, 2, 77, 15, 79, 45, 47, 76, 42, 29, 11, 97, 65, 68, 66, 89, 10, 21, 93, 55, 74, 33, 84, 96, 35, 0, 90, 39, 27, 85, 28, 83)

(8, 14, 4, 48, 29, 6, 95, 62, 80, 74, 28, 17, 70, 31, 57, 12, 50, 94, 89, 43, 72, 27, 73, 69, 11, 52, 68, 38, 90, 88, 39, 10, 24, 84, 36, 66, 87, 22, 21, 30, 2, 55, 60, 37, 44, 75, 96, 15, 41, 0)

(48, 68, 59, 57, 83, 41, 95, 33, 50, 89, 69, 62, 22, 0, 26, 87, 1, 30, 19, 52, 37, 70, 14, 2, 15, 72, 76, 6, 75, 35, 29, 93, 43, 66, 45, 3, 85, 84, 17, 13, 36, 88, 61, 60, 94, 40, 10, 11, 97, 4)

(89, 68, 35, 43, 5, 80, 2, 70, 22, 59, 8, 1, 62, 40, 29, 83, 10, 90, 48, 4, 99, 75, 94, 84, 25, 15, 28, 27, 47, 19, 88, 69, 73, 77, 96, 26, 86, 12, 6, 56, 52, 30, 37, 23, 38, 21, 3, 74, 66, 31)

(53, 19, 48, 95, 33, 90, 38, 68, 60, 28, 30, 8, 83, 17, 37, 73, 29, 57, 84, 88, 27, 62, 22, 39, 99, 1, 56, 3, 65, 41, 70, 14, 50, 61, 2, 21, 52, 6, 93, 25, 31, 80, 36, 66, 26, 40, 12, 82, 69, 76)

(11, 69, 28, 15, 2, 76, 1, 65, 24, 97, 84, 49, 36, 62, 30, 68, 33, 56, 5, 27, 8, 80, 38, 35, 77, 73, 94, 23, 86, 39, 29, 52, 21, 96, 53, 45, 44, 57, 79, 70, 4, 82, 41, 50, 66, 12, 85, 10, 13, 25)

(47, 69, 43, 42, 93, 50, 8, 55, 89, 45, 66, 0, 19, 70, 5, 56, 87, 30, 90, 29, 59, 27, 14, 68, 95, 40, 53, 83, 1, 11, 99, 75, 13, 62, 4, 86, 36, 33, 44, 38, 73, 37, 85, 12, 23, 10, 94, 48, 22, 35)

(88, 75, 33, 10, 1, 2, 41, 90, 36, 59, 82, 84, 31, 17, 87, 30, 99, 4, 57, 23, 69, 62, 80, 8, 73, 66, 37, 13, 95, 38, 39, 24, 45, 42, 3, 27, 5, 29, 12, 60, 52, 65, 56, 72, 79, 19, 28, 97, 47, 43)

(66, 28, 73, 29, 94, 93, 84, 89, 6, 77, 25, 87, 36, 22, 0, 17, 79, 60, 97, 72, 90, 99, 44, 88, 69, 49, 65, 82, 41, 53, 5, 83, 42, 45, 19, 56, 35, 48, 50, 52, 31, 10, 37, 74, 39, 59, 2, 30, 24, 13)

(5, 88, 11, 49, 99, 73, 47, 14, 57, 10, 6, 66, 50, 45, 77, 89, 26, 55, 41, 56, 62, 72, 30, 95, 13, 39, 4, 76, 94, 31, 93, 24, 79, 96, 40, 87, 53, 59, 75, 1, 43, 68, 33, 86, 19, 2, 27, 8, 82, 60)

(10, 66, 87, 53, 90, 8, 22, 73, 27, 99, 83, 28, 14, 57, 41, 25, 15, 86, 82, 85, 97, 11, 72, 0, 12, 88, 2, 26, 13, 5, 68, 75, 39, 42, 62, 48, 89, 6, 76, 36, 30, 47, 38, 3, 21, 1, 95, 55, 31, 61)

(28, 2, 36, 19, 25, 31, 99, 42, 41, 40, 86, 11, 1, 0, 90, 39, 8, 76, 56, 29, 24, 5, 6, 62, 55, 77, 68, 97, 80, 44, 82, 33, 87, 88, 57, 12, 22, 96, 75, 21, 72, 94, 74, 35, 52, 84, 50, 93, 59, 15)

(37, 19, 62, 99, 80, 29, 50, 27, 25, 66, 77, 84, 60, 53, 72, 61, 42, 41, 14, 85, 74, 23, 44, 28, 52, 0, 45, 15, 1, 69, 22, 55, 82, 2, 96, 12, 33, 90, 48, 83, 56, 30, 43, 68, 38, 39, 47, 40, 70, 75)

(53, 31, 35, 36, 89, 82, 43, 28, 87, 26, 33, 30, 97, 2, 93, 79, 84, 59, 12, 55, 24, 21, 94, 66, 52, 8, 69, 80, 4, 48, 27, 1, 77, 29, 83, 5, 38, 56, 10, 61, 39, 37, 15, 99, 62, 45, 40, 76, 14, 70)

(56, 52, 42, 80, 43, 97, 8, 44, 49, 23, 37, 13, 90, 96, 1, 82, 21, 28, 87, 6, 69, 66, 60, 85, 31, 38, 41, 79, 11, 83, 14, 47, 88, 12, 30, 17, 55, 50, 19, 27, 26, 53, 25, 33, 89, 59, 61, 29, 24, 10)

(75, 95, 21, 49, 4, 97, 6, 72, 94, 83, 36, 82, 77, 86, 62, 29, 14, 73, 93, 17, 52, 55, 87, 74, 96, 99, 38, 11, 79, 37, 61, 42, 56, 41, 27, 76, 35, 88, 5, 53, 65, 50, 70, 30, 43, 24, 45, 23, 19, 85)

(22, 42, 69, 11, 30, 83, 66, 12, 84, 82, 37, 0, 13, 3, 45, 43, 27, 65, 68, 97, 49, 56, 77, 70, 44, 29, 61, 73, 2, 62, 17, 33, 53, 25, 79, 94, 75, 40, 74, 87, 23, 10, 99, 36, 85, 48, 47, 8, 95, 19)

(44, 87, 59, 66, 72, 17, 76, 47, 93, 56, 50, 19, 27, 5, 88, 42, 4, 77, 2, 30, 31, 74, 26, 1, 84, 23, 69, 89, 33, 70, 38, 36, 52, 62, 15, 11, 6, 22, 73, 55, 61, 24, 53, 95, 49, 97, 60, 8, 96, 41)

(5, 95, 37, 4, 96, 11, 62, 82, 86, 31, 61, 59, 69, 2, 36, 22, 88, 6, 56, 14, 15, 19, 66, 1, 10, 23, 27, 85, 68, 53, 84, 0, 48, 26, 94, 72, 13, 30, 41, 28, 43, 40, 65, 33, 42, 35, 77, 49, 76, 44)

(8, 11, 4, 87, 24, 45, 10, 80, 33, 30, 73, 93, 83, 28, 84, 49, 19, 17, 38, 55, 57, 88, 59, 89, 0, 14, 12, 27, 68, 23, 43, 35, 56, 47, 60, 39, 25, 15, 62, 36, 65, 94, 79, 69, 99, 5, 41, 21, 76, 44)

(97, 15, 25, 83, 4, 39, 28, 79, 21, 43, 62, 45, 60, 57, 61, 72, 85, 53, 89, 6, 70, 44, 37, 11, 36, 17, 41, 38, 12, 23, 86, 31, 99, 3, 84, 35, 68, 73, 87, 75, 49, 52, 76, 50, 19, 90, 13, 96, 5, 94)

(37, 77, 33, 74, 4, 84, 73, 72, 40, 83, 60, 27, 36, 94, 76, 53, 80, 50, 31, 47, 66, 0, 43, 62, 26, 29, 68, 35, 2, 30, 69, 52, 44, 28, 70, 6, 55, 38, 39, 86, 12, 65, 90, 88, 49, 89, 24, 87, 79, 59)

(41, 0, 1, 36, 53, 35, 50, 31, 76, 57, 44, 74, 90, 19, 39, 14, 49, 4, 43, 70, 47, 95, 5, 42, 87, 66, 27, 89, 26, 33, 84, 3, 10, 80, 37, 55, 22, 79, 25, 13, 52, 40, 61, 11, 65, 17, 96, 68, 2, 15)

(73, 4, 45, 10, 38, 41, 19, 59, 79, 50, 99, 62, 94, 40, 82, 95, 31, 13, 83, 17, 26, 33, 15, 24, 89, 75, 69, 86, 5, 52, 11, 55, 80, 57, 25, 97, 47, 96, 72, 28, 6, 37, 84, 8, 65, 87, 0, 42, 30, 77)

(40, 65, 13, 45, 60, 21, 79, 96, 53, 35, 80, 33, 11, 88, 68, 97, 10, 26, 27, 70, 66, 47, 59, 73, 77, 90, 57, 30, 87, 72, 55, 39, 8, 14, 41, 69, 2, 37, 85, 83, 82, 19, 15, 95, 23, 84, 17, 86, 50, 56)

(19, 99, 5, 45, 44, 76, 73, 94, 80, 56, 21, 39, 30, 85, 1, 43, 82, 26, 17, 40, 88, 4, 2, 77, 61, 50, 72, 59, 49, 47, 27, 38, 83, 79, 3, 41, 28, 68, 10, 62, 89, 42, 90, 69, 70, 6, 0, 86, 33, 12)

(22, 97, 56, 45, 69, 8, 86, 30, 19, 99, 79, 44, 93, 17, 2, 75, 13, 28, 24, 59, 33, 42, 77, 80, 12, 90, 1, 85, 31, 25, 50, 40, 10, 95, 70, 26, 43, 37, 14, 48, 74, 65, 27, 15, 39, 0, 3, 60, 53, 5)

(19, 3, 42, 15, 30, 37, 97, 70, 2, 76, 38, 33, 69, 36, 87, 75, 45, 56, 61, 47, 89, 94, 24, 49, 27, 50, 52, 55, 99, 13, 14, 40, 73, 84, 88, 66, 79, 65, 82, 83, 74, 48, 68, 12, 60, 90, 28, 4, 96, 25)

(41, 90, 74, 52, 8, 72, 89, 30, 59, 94, 19, 28, 1, 87, 42, 17, 5, 10, 50, 24, 26, 77, 31, 2, 21, 88, 40, 49, 73, 84, 13, 0, 11, 33, 3, 36, 4, 22, 75, 57, 29, 56, 68, 60, 96, 15, 12, 69, 23, 39)

(41, 33, 14, 82, 94, 97, 38, 52, 24, 60, 4, 73, 5, 25, 96, 99, 75, 43, 61, 48, 62, 15, 26, 86, 68, 50, 13, 17, 72, 27, 21, 35, 37, 36, 8, 95, 1, 3, 83, 6, 93, 2, 39, 76, 0, 80, 19, 42, 49, 77)

(44, 48, 23, 72, 30, 15, 42, 99, 28, 83, 6, 65, 59, 84, 25, 68, 93, 79, 47, 77, 13, 33, 80, 2, 73, 36, 31, 97, 61, 10, 14, 56, 52, 50, 89, 5, 3, 39, 82, 26, 95, 43, 94, 19, 29, 4, 70, 8, 38, 90)

(94, 82, 28, 80, 22, 40, 65, 2, 4, 44, 87, 24, 33, 56, 96, 19, 73, 26, 93, 12, 97, 75, 23, 15, 3, 85, 69, 43, 84, 17, 74, 68, 76, 13, 1, 53, 57, 27, 77, 35, 89, 11, 86, 10, 62, 49, 60, 8, 38, 45)

(24, 31, 30, 47, 5, 87, 26, 93, 28, 80, 48, 6, 83, 99, 57, 14, 73, 79, 72, 21, 97, 11, 74, 75, 68, 42, 23, 84, 95, 1, 29, 25, 49, 55, 10, 70, 39, 65, 88, 44, 19, 12, 96, 35, 66, 60, 0, 89, 90, 76)

(79, 13, 24, 14, 35, 37, 94, 12, 80, 26, 50, 27, 86, 42, 6, 99, 62, 31, 5, 66, 17, 74, 57, 83, 8, 97, 10, 29, 93, 76, 87, 49, 95, 3, 53, 33, 41, 30, 59, 22, 70, 65, 0, 77, 69, 43, 60, 21, 40, 48)

(33, 13, 19, 41, 83, 31, 38, 26, 10, 96, 0, 52, 24, 72, 25, 11, 82, 57, 14, 86, 39, 68, 40, 55, 66, 73, 6, 22, 75, 23, 36, 77, 5, 70, 50, 35, 88, 61, 89, 93, 44, 90, 4, 99, 87, 37, 56, 74, 21, 3)

(47, 50, 90, 26, 8, 84, 82, 73, 11, 4, 68, 69, 42, 25, 38, 41, 66, 29, 3, 70, 31, 94, 49, 1, 53, 74, 13, 45, 76, 79, 83, 57, 80, 89, 60, 43, 55, 86, 36, 97, 95, 88, 15, 52, 2, 39, 59, 96, 35, 33)

(30, 50, 6, 59, 80, 83, 53, 57, 82, 95, 26, 74, 37, 21, 23, 89, 43, 35, 0, 38, 10, 77, 68, 42, 25, 33, 47, 40, 17, 93, 45, 28, 5, 55, 62, 22, 75, 97, 11, 48, 79, 19, 27, 56, 69, 29, 31, 65, 94, 4)

(47, 86, 17, 8, 93, 85, 4, 23, 52, 42, 55, 82, 60, 65, 72, 74, 95, 29, 11, 22, 66, 38, 68, 84, 88, 59, 80, 77, 90, 41, 96, 45, 2, 87, 10, 73, 5, 49, 27, 94, 14, 62, 12, 99, 35, 79, 83, 25, 37, 56)

(73, 39, 12, 11, 24, 69, 76, 90, 52, 21, 45, 43, 47, 0, 74, 62, 42, 40, 57, 2, 95, 4, 17, 50, 61, 66, 55, 83, 36, 48, 99, 37, 30, 49, 72, 75, 27, 85, 89, 97, 68, 87, 77, 29, 86, 8, 19, 80, 56, 38)

(56, 68, 28, 57, 6, 17, 48, 52, 69, 30, 76, 1, 70, 26, 79, 21, 38, 24, 75, 55, 45, 39, 65, 33, 99, 13, 90, 15, 89, 4, 72, 77, 85, 61, 62, 86, 0, 8, 10, 43, 53, 83, 66, 47, 44, 35, 97, 22, 14, 2)

(74, 10, 53, 99, 70, 59, 5, 8, 61, 30, 27, 95, 22, 44, 0, 33, 84, 40, 19, 38, 4, 57, 80, 73, 72, 75, 43, 86, 68, 41, 85, 37, 66, 25, 87, 49, 35, 23, 96, 24, 26, 94, 28, 88, 97, 77, 12, 3, 50, 55)

(5, 23, 31, 44, 38, 25, 11, 10, 95, 84, 59, 30, 62, 82, 93, 89, 8, 73, 83, 66, 48, 75, 69, 56, 3, 77, 29, 12, 61, 0, 80, 36, 60, 97, 72, 88, 15, 2, 52, 14, 70, 55, 13, 1, 42, 27, 94, 99, 76, 74)

